5.779860077355912
7.180788583477099
6.095678321810372
5.8744284682616295
3.807584051586934
6.046070430368102
3.8960905100672507
9.250349853368736
9.914784355960144
4.2044273365045965
5.966753381506011
7.451052227940918
5.989113122969371
5.729361006255424
3.8548224192579807
6.598862151994085
4.019225400035971
9.36239892487038
9.658475926760365
3.7490771282483006
5.252690651377875
7.426127353158412
5.9837840929329875
5.517265778837617
3.7553377938254027
6.576576627742439
4.487967835349346
9.034664004695554
10.080375683524917
4.016235487361261
5.3476429398470335
7.088925617523536
6.225264956643704
5.009057301598238
4.403314708834715
6.629579000284721
4.086254673700766
8.54665630547565
9.452055955934478
3.6981259592004
5.558331809691127
7.090495177186515
6.516007598775666
5.0508766407169965
3.945424749483882
6.120250648551558
4.528980438092323
8.67102161036058
9.6029383778666
3.5788407802593802
5.147104622918767
6.7622688048885005
6.183963350181712
5.087014781317582
3.9331303550691006
6.327666301327525
4.69686534247486
8.514831283613859
9.974572512509097
3.4305135961517403
5.9645945042866435
7.120544865371897
6.504394848906776
5.553677349714015
4.475811572787349
5.998128922920882
4.1586790752033345
8.537926569033965
9.432767802532439
3.453142907212021
5.3061182186672236
7.066156658238865
5.591781257065223
5.6413039493389885
4.303149447595622
6.224330621606007
4.399120166093624
8.511670518579239
9.712574100566473
4.263711385833991
5.3067039917245715
7.319304043687877
5.659431623120831
5.665159034087534
4.025954086336249
6.142132492673678
4.462385047437008
8.43783755400829
9.965567634227657
3.3391106644503243
5.665951576069478
6.92190163691636
6.262827782839034
5.911020375086407
3.9853011369090052
6.535098465084398
4.467914043898764
8.98998191361167
9.359709237650911
4.287164199774763
5.435260417890875
7.498302336195323
6.227113036033943
5.246268780824102
4.550345813091525
6.355446871513546
4.7569753097380865
8.999002880456656
10.018362966865146
4.026946778335543
5.713389319092888
7.153218045650897
6.483717395439663
5.592822029198606
4.160403041947227
6.565334344794485
3.8950653109362583
8.719304824495346
9.796801142502979
3.624492795468221
5.606150468272089
7.080662364669961
5.663107824938889
5.247114155924999
4.3065129040903125
6.549813891914734
4.450197361476504
9.07093082767793
9.788730875011982
3.7658336236917513
5.884681635124311
7.019455533772091
5.963498685982065
5.840755184984641
4.542741982435133
6.662829714206928
3.976098999939226
9.33721262156547
9.850868904559405
4.333262194825644
5.137583343931241
7.520019721092409
5.690126695392814
5.564391394252812
3.860367976238489
6.806949359988796
4.683191071351936
8.986830746435391
9.543810902236293
3.403582183712915
5.685563812417811
7.105436346402264
6.249689360186787
5.815214155897598
4.712069498391934
6.814744473059172
3.887586196811927
8.777708072299161
9.866618167434352
3.506044865519218
5.509171645477377
6.706231652063448
5.727630285612839
4.967353624429583
4.5302456967464675
6.182865818726942
4.221223793323827
9.345811301286387
9.841042006933826
3.3662541177890852
5.15282919577116
7.273372065223959
6.104862349320607
5.186724651343477
4.670761991313841
6.5729070866324575
4.411504915651883
9.007639984175368
9.866749634527062
3.646360183737379
5.38635610148934
6.861737412699317
5.7138267665967755
5.893204219952902
4.4760987884383345
6.449399939284128
4.1032867406002485
8.67208648959119
9.19465676533417
3.768831813815898
5.29993092126735
7.348237152539655
5.90538560000892
5.128435507528604
3.7612267217803783
6.02619076212981
4.555264886125492
8.871426852376842
9.673206816119016
4.231086481298119
5.978473986669952
6.868790648122669
6.19071196381654
5.212154206706119
3.757198992854776
6.717319784502703
4.195889263449393
8.801193901992695
9.724944718563899
4.165463643493967
5.617116882864396
7.52454431917159
5.801175795532075
5.746878663881532
3.9221839376949994
6.911732787638506
4.56336038901474
8.633237684934356
10.083998195499218
4.0652709950279355
5.242076681868273
6.865205641091677
6.045834474647102
4.9744945480235
3.9440180688301565
6.383626599418068
4.25004209296115
8.881305432185608
9.414256311305024
3.921199534715946
5.851990645196479
6.769425519686228
6.045012867870553
5.080899936314122
4.453407674581641
6.355000833473855
4.441293424485433
8.601009844034875
9.281475364353671
3.822471468906732
5.343747777123204
7.592325608977008
6.2929590145234044
5.697495449819516
4.640267733134981
6.04236356610858
4.428064582549331
9.002206076776567
10.098563983557522
3.6265627150503263
5.228963819188694
6.752187605989693
5.5440633903079135
5.878361146761159
4.406464539979957
6.744094042689699
4.157602218380874
9.004140174007123
9.200582871131274
3.8200427841924003
5.965630179017694
7.528398909040786
5.865792712553285
5.910401984510467
3.9682496198602517
6.908259953082243
4.8172498173334235
9.216932595173189
9.767075541877084
4.208703154882724
5.281155323781045
7.5008372190371135
6.145510452633963
4.962068687727868
4.083781511321267
6.107081991614726
4.857701502445178
8.896100314860785
9.634018970508956
3.9738877046565007
5.356719645402865
6.788793935409794
6.349751493910684
5.1386797418717265
4.247866975935503
6.1832581596413005
3.973716597120959
9.27992152524248
10.109547094033424
4.295249846320777
5.894690538494427
7.425940996422834
5.860778912745081
5.029933219956965
4.143789164802855
6.191175272837504
4.008359747384908
8.471157189607622
9.862221969220872
3.3458426468828084
